0;256;512;BC7_UNORM;98;7;
1;256;512;BC7_UNORM;98;7;
2;128;256;BC7_UNORM;98;6;
3;1;1;R32G32B32A32_FLOAT;2;0;
4;256;512;BC7_UNORM;98;7;
5;128;256;BC5_UNORM;83;6;
6;1;1;R32_FLOAT;41;0;
7;1;1;R32G32B32A32_FLOAT;2;0;
8;256;256;BC7_UNORM;98;7;
9;256;256;BC7_UNORM;98;7;
10;64;64;BC7_UNORM;98;5;
11;1;1;R32G32B32A32_FLOAT;2;0;
12;256;256;BC7_UNORM;98;7;
13;64;64;BC5_UNORM;83;5;
14;1;1;R32_FLOAT;41;0;
15;1;1;R32G32B32A32_FLOAT;2;0;
16;128;128;BC7_UNORM;98;6;
17;128;128;BC7_UNORM;98;6;
18;64;64;BC7_UNORM;98;5;
19;1;1;R32G32B32A32_FLOAT;2;0;
20;128;128;BC7_UNORM;98;6;
21;64;64;BC5_UNORM;83;5;
22;1;1;R32_FLOAT;41;0;
23;1;1;R32G32B32A32_FLOAT;2;0;
24;128;128;BC7_UNORM;98;6;
25;128;128;BC7_UNORM;98;6;
26;64;64;BC7_UNORM;98;5;
27;1;1;R32G32B32A32_FLOAT;2;0;
28;128;128;BC7_UNORM;98;6;
29;128;128;BC5_UNORM;83;6;
30;1;1;R32_FLOAT;41;0;
31;1;1;R32G32B32A32_FLOAT;2;0;
32;128;128;BC7_UNORM;98;6;
33;128;128;BC7_UNORM;98;6;
34;64;64;BC7_UNORM;98;5;
35;1;1;R32G32B32A32_FLOAT;2;0;
36;128;128;BC7_UNORM;98;6;
37;64;64;BC5_UNORM;83;5;
38;1;1;R32_FLOAT;41;0;
39;1;1;R32G32B32A32_FLOAT;2;0;
40;128;128;BC7_UNORM;98;6;
41;128;128;BC7_UNORM;98;6;
42;64;64;BC7_UNORM;98;5;
43;1;1;R32G32B32A32_FLOAT;2;0;
44;128;128;BC7_UNORM;98;6;
45;64;64;BC5_UNORM;83;5;
46;1;1;R32_FLOAT;41;0;
47;1;1;R32G32B32A32_FLOAT;2;0;
48;512;512;BC7_UNORM;98;8;
49;512;512;BC7_UNORM;98;8;
50;128;128;BC7_UNORM;98;6;
51;1;1;R32G32B32A32_FLOAT;2;0;
52;512;512;BC7_UNORM;98;8;
53;128;128;BC5_UNORM;83;6;
54;1;1;R32_FLOAT;41;0;
55;1;1;R32G32B32A32_FLOAT;2;0;
56;128;128;BC7_UNORM;98;6;
57;128;128;BC7_UNORM;98;6;
58;32;32;BC7_UNORM;98;4;
59;1;1;R32G32B32A32_FLOAT;2;0;
60;128;128;BC7_UNORM;98;6;
61;64;64;BC5_UNORM;83;5;
62;1;1;R32_FLOAT;41;0;
63;1;1;R32G32B32A32_FLOAT;2;0;
64;128;128;BC7_UNORM;98;6;
65;128;128;BC7_UNORM;98;6;
66;64;64;BC7_UNORM;98;5;
67;1;1;R32G32B32A32_FLOAT;2;0;
68;128;128;BC7_UNORM;98;6;
69;128;128;BC5_UNORM;83;6;
70;1;1;R32_FLOAT;41;0;
71;1;1;R32G32B32A32_FLOAT;2;0;
72;1;1;B8G8R8A8_UNORM;87;0;
73;1;1;R32G32B32A32_FLOAT;2;0;
74;1;1;R32G32B32A32_FLOAT;2;0;
75;1;1;R32G32B32A32_FLOAT;2;0;
76;1;1;R32G32B32A32_FLOAT;2;0;
77;1;1;R32G32B32A32_FLOAT;2;0;
78;1;1;R32_FLOAT;41;0;
79;1;1;R32G32B32A32_FLOAT;2;0;
80;1;1;B8G8R8A8_UNORM;87;0;
81;128;64;BC7_UNORM;98;5;
82;1;1;R32G32B32A32_FLOAT;2;0;
83;1;1;R32G32B32A32_FLOAT;2;0;
84;128;64;BC7_UNORM;98;5;
85;1;1;R32G32B32A32_FLOAT;2;0;
86;1;1;R32_FLOAT;41;0;
87;1;1;R32G32B32A32_FLOAT;2;0;
88;512;512;BC7_UNORM;98;8;
89;512;512;BC7_UNORM;98;8;
90;128;128;BC7_UNORM;98;6;
91;1;1;R32G32B32A32_FLOAT;2;0;
92;512;512;BC7_UNORM;98;8;
93;256;256;BC5_UNORM;83;7;
94;512;512;BC4_UNORM;80;8;
95;1;1;R32G32B32A32_FLOAT;2;0;
96;256;256;BC7_UNORM;98;7;
97;256;256;BC7_UNORM;98;7;
98;1;1;R32G32B32A32_FLOAT;2;0;
99;256;256;BC7_UNORM;98;7;
100;512;512;BC5_UNORM;83;8;
101;1;1;R32_FLOAT;41;0;
102;1;1;R32G32B32A32_FLOAT;2;0;
103;512;512;BC7_UNORM;98;8;
104;256;256;BC7_UNORM;98;7;
105;1;1;R32G32B32A32_FLOAT;2;0;
106;1;1;R32G32B32A32_FLOAT;2;0;
107;1;1;R32G32B32A32_FLOAT;2;0;
108;1;1;R32G32B32A32_FLOAT;2;0;
109;1;1;R32_FLOAT;41;0;
110;1;1;R32G32B32A32_FLOAT;2;0;
111;256;256;BC7_UNORM;98;7;
112;256;256;BC7_UNORM;98;7;
113;1;1;R32G32B32A32_FLOAT;2;0;
114;256;256;BC7_UNORM;98;7;
115;1;1;R32G32B32A32_FLOAT;2;0;
116;1;1;R32_FLOAT;41;0;
117;1;1;R32G32B32A32_FLOAT;2;0;
118;256;256;BC7_UNORM;98;7;
119;1;1;R32G32B32A32_FLOAT;2;0;
120;1;1;R32_FLOAT;41;0;
121;1;1;R32G32B32A32_FLOAT;2;0;
122;128;128;BC7_UNORM;98;6;
123;128;128;BC7_UNORM;98;6;
124;64;64;BC7_UNORM;98;5;
125;1;1;R32G32B32A32_FLOAT;2;0;
126;128;128;BC7_UNORM;98;6;
127;128;128;BC5_UNORM;83;6;
128;1;1;R32_FLOAT;41;0;
129;1;1;R32G32B32A32_FLOAT;2;0;
130;128;128;BC7_UNORM;98;6;
131;128;128;BC7_UNORM;98;6;
132;64;64;BC7_UNORM;98;5;
133;1;1;R32G32B32A32_FLOAT;2;0;
134;128;128;BC7_UNORM;98;6;
135;128;128;BC5_UNORM;83;6;
136;1;1;R32_FLOAT;41;0;
137;1;1;R32G32B32A32_FLOAT;2;0;
138;256;256;BC7_UNORM;98;7;
139;1;1;R32G32B32A32_FLOAT;2;0;
140;1;1;R32G32B32A32_FLOAT;2;0;
141;1;1;R32G32B32A32_FLOAT;2;0;
142;1;1;R32G32B32A32_FLOAT;2;0;
143;1;1;R32_FLOAT;41;0;
144;1;1;R32G32B32A32_FLOAT;2;0;
145;256;256;BC7_UNORM;98;7;
146;256;256;BC7_UNORM;98;7;
147;1;1;R32G32B32A32_FLOAT;2;0;
148;256;256;BC7_UNORM;98;7;
149;1;1;R32G32B32A32_FLOAT;2;0;
150;1;1;R32_FLOAT;41;0;
151;1;1;R32G32B32A32_FLOAT;2;0;
152;256;256;BC7_UNORM;98;7;
153;1;1;R32G32B32A32_FLOAT;2;0;
154;1;1;R32_FLOAT;41;0;
155;1;1;R32G32B32A32_FLOAT;2;0;
156;256;512;BC7_UNORM;98;7;
157;256;512;BC7_UNORM;98;7;
158;128;256;BC7_UNORM;98;6;
159;1;1;R32G32B32A32_FLOAT;2;0;
160;256;512;BC7_UNORM;98;7;
161;256;512;BC5_UNORM;83;7;
162;256;512;BC4_UNORM;80;7;
163;1;1;R32G32B32A32_FLOAT;2;0;
